99.61811640869915
99.61606582108546
99.61341876178366
99.60891838854438
99.60740727461769
99.60716986368121
99.60556065218572
99.6042232117379
99.60259550046034
99.59701030319385
99.5986465498989
99.5985724977806
99.59863650693566
99.59868754480541
99.59873300685136
99.59884402011285
99.59888937332197
99.59900022019266
99.59906437437071
99.5991750417389
99.60256991861401
99.60554963191862
99.60638789308712
99.60484417398048
99.60326345545629
99.60203902535802
99.5966767794157
99.59743653244509
99.59737409099742
99.5973739031626
99.5974368230135
99.59749970348717
99.59756254462062
99.59756686518264
99.59762964531653
99.59769238621023
99.5977550879005
99.59953097547358
99.60124047514404
99.60172351831882
99.60170776055537
99.60065559400083
99.59938009145559
99.59761593147186
99.59791176898555
99.59785086790687
99.59779970977762
99.59775276487456
99.59776717233015
99.597781574361
99.59779597097015
99.59781036216067
99.59782474793562
99.59783912829805
99.59823959330214
99.5986358834922
99.59871530767577
99.59778761999615
99.59633334100143
99.5951189099867
99.59344870240052
99.59353610334517
99.59346067951687
99.59339532368486
99.59332778178182
99.593262951047
99.59319936241006
99.59313113876931
99.59306440198154
99.59300037667315
99.59293245061157
99.59281864907362
99.59262789047884
99.59256475416677
99.59165146145943
99.59063152125353
99.58919834343585
99.58831690476312
99.58829017199406
99.58821793997366
99.58815422582603
99.58808783977851
99.58802587076478
99.58801884766302
99.58795934880251
99.58795233604391
99.58790386044353
99.58791469419114
99.58792552425223
99.58793635062865
99.58794717332228
99.58795799233502
99.58796880766873
99.5879796193253
99.58794316245026
99.5879086720356
99.58793339213507
99.58795615124284
99.58792167908295
99.58794638155979
99.58797107398412
99.58799575636212
99.5878568911859
99.5878584012215
99.58854100409759
99.58920072004477
99.58958313843289
99.58986945950133
99.5899507803162
99.58993315749741
99.58895068211683
99.58779274290266
99.58294414239907
99.58298663179835
99.58291916595253
99.582913505103
99.58290736922659
99.58290123484986
99.58284514910454
99.58283902393347
99.5828329002589
99.58282939725723
99.58282327629253
99.58277628375318
99.58278635729071
99.58279642758741
99.58280649464488
99.58281655846464
99.58282661904829
99.58283667639736
99.58284673051344
99.58312693946397
99.58340464880864
99.58344001012837
99.58327141194772
99.5831745120197
99.5823184655198
99.58136120005679
99.58135209508595
99.58051950013673
99.58039065039443
99.58032580762196
99.58026440221944
99.58025873179403
99.58020436554028
99.5801460380982
99.5800881931761
99.58008254663781
99.58002378862864
99.57996551307508
99.57991988082323
99.57992992338322
99.57993996280227
99.57994999908185
99.57996003222344
99.5799700622285
99.57998008909848
99.57999011283489
99.57995410908293
99.5799143819149
99.57993398327403
99.579896374439
99.57991433830533
99.57993229588494
99.57995024718116
99.57996819219727
99.57987936472796
99.5797837375203
99.5799620823511
99.58048225958065
99.58097185810475
99.58128633689441
99.58151500632363
99.5805745707552
99.57964946692836
99.57856092553689
99.57758800160072
99.57734345844894
99.57725203068466
99.5771867924893
99.57712043092006
99.5771089601416
99.57709635539811
99.57708488928768
99.57702129077006
99.57700983449449
99.5769972444392
99.57669015947903
99.57635402722744
99.57625445015559
99.57457776629846
99.57371115649656
99.57263452596628
99.56994844074313
99.57119571322892
99.57115827522571
99.57116409513401
99.57116991201043
99.57117572585734
99.57123445109757
99.57129314576882
99.57135180989495
99.57136912853166
99.57137986716954
99.57138471115368
99.5714423827212
99.57150002455965
99.57155763669206
99.57155677558993
99.57161434419048
99.57167188314523
99.57172939247711
99.5734831874789
99.57508186496177
99.57664033162742
99.57817000297241
99.57899154001187
99.57902065136446
99.57782828009667
99.57691681829608
99.57562944219897
99.5775629190407
99.57770842369072
99.57776758063598
99.57782670685627
99.5778811116824
99.57794017839825
99.57799921445955
99.57805821989018
99.5781125114037
99.57811611669072
99.579754704158
99.58129655334302
99.58171581394171
99.58015825949296
99.57886443235262
99.57774430242495
99.57677342053765
99.57801997171683
99.57812390726409
99.578130331533
99.57814132118061
99.5782015174115
99.57826168242686
99.57827760783941
99.57833772124351
99.57835859232618
99.57841865219773
99.5783997173606
99.5783807896491
99.57841098813319
99.57844117525715
99.58022679061628
99.58186939225864
99.58287617177712
99.58322049556415
99.58242116987351
99.58168193044465
99.58108124317762
99.5802682925073
99.58190367445543
99.58198807461754
99.58196988127247
99.58194871092118
99.58193033250514
99.58195972372896
99.58198910413451
99.58196834332594
99.58199771151693
99.58202706890404
99.58207046170364
99.5821613236322
99.58225212541917
99.58234286712421
99.58243354880696
99.58252417052694
99.58261473234361
99.58270523431635
99.5827429497537
99.58278064124903
99.58282245778129
99.58286009977068
99.58289712566743
99.5829414291742
99.58297801092276
99.58298952863478
99.58304831392196
99.5831070693149
99.58316579483639
99.58322449050921
99.58328315635609
99.58334179239978
99.58340039866299
99.58418044708812
99.58495734387645
99.58693720193757
99.58935445767261
99.5916685073311
99.5939439223644
99.59580247455615
99.59726603715559
99.5985049908121
99.59769535266018
99.59683180123517
99.59584167960058
99.59682989688449
99.59682580596348
99.59686569343319
99.59686460999757
99.59690447251407
99.59694431845746
99.59698414783806
99.59702396066619
99.5970637569522
99.59710350084389
99.59714481103377
99.5971857412528
99.59936615618626
99.60046200365966
99.60153364812632
99.60168574432072
99.60067473681224
99.59973642226731
99.59803397385932
99.59941038536259
99.59943410358123
99.59950047422524
99.59956680874623
99.59963310717373
99.59969936953718
99.59976559586597
99.59983178618953
99.59989794053719
99.60173577423946
99.60354605792871
99.60405830813953
99.60323954762863
99.60141440348164
99.60039471113848
99.60222078511659
99.60228464178421
99.60234846462671
99.60241225367096
99.6024760089438
99.60253973047203
99.60260341828243
99.60266707240177
99.60273069285678
99.60449850550386
99.60624052206116
99.6067335818709
99.605773352479
99.60582913369184
99.60462106260334
99.6059711644743
99.60603244352988
99.60609369094344
99.60615490673949
99.60621609094247
99.60627724357684
99.60633836466705
99.60639945423749
99.60646051231254
99.60815744946129
99.6098302387142
99.61030381515911
99.61035993522565
99.61041324165907
99.60965832491911
99.61084682984956
99.61090539140115
99.61096392344847
99.61102242601383
99.6110808991195
99.61113934278771
99.61119775704071
99.6112561419007
99.61131449738983
99.61293661587524
99.61453620327308
99.61498915544392
99.61407259888308
99.61412376815325
99.61305336180259
99.61432041707688
99.61437671444348
99.6144329841293
99.61448922615476
99.61454544054025
99.61460162730616
99.61465778647282
99.61471391806054
99.61477002208969
99.61632982794852
99.61786848193069
99.61830427240875
99.6175438955303
99.61759306661672
99.61645717124021
99.61743372053348
99.61748798529625
99.61754222398626
99.61759643662234
99.61765062322323
99.6177047838077
99.61775891839444
99.61781302700223
99.61786710964971
99.61937095924809
99.62085487412426
99.62127524368826
99.62067188284497
99.6207192563641
99.61982843425733
99.62069217047646
99.62069185246261
99.62072836063633
99.62076485469603
99.62080133464988
99.62083780050608
99.62083633848027
99.62087278359598
99.6209092146356
99.62096138344148
99.62101352777304
99.62106564764748
99.62111774308201
99.62116981409382
99.62122186070006
99.6212738829179
99.62132588076449
99.62133183569289
99.62133459188163
99.62133776377955
99.62134149003354
99.6213453536502
99.62138477464438
99.62138932191054
99.62142871804815
99.62243679206917
99.62342537846058
99.62471814213151
99.62611627926984
99.62738473060519
99.6284433418578
99.62931955473262
99.62936280769756
99.62838502987977
99.62908087384872
99.62912882825012
99.62917676118252
99.6292246726603
99.62927256269788
99.62932043130965
99.62936827850997
99.62941610431322
99.62946390873375
99.63079380898031
99.63210726646133
99.63247956252687
99.63252131134652
99.6318608688928
99.6324364741995
99.63248276854281
99.63252904255926
99.63257529626219
99.63262152966496
99.63266774278098
99.63271393562356
99.63276010820607
99.6328062605418
99.63280895139441
99.6328459931848
99.63288302057376
99.63292003356969
99.63292219612252
99.63295918717631
99.63296197115406
99.63299894010285
99.63427988365461
99.63554531430682
99.63662019023195
99.6376122779967
99.63817059534401
99.63820985232303
99.63720971263507
99.63781078219974
99.63785443573391
99.63789807072119
99.63794168717337
99.63798528510226
99.63802886451965
99.63807242543736
99.63811596786711
99.63815949182072
99.63817011091646
99.63938386894769
99.6405805253724
99.64125804304082
99.64129589225549
99.63737208347739
99.63798123141233
99.6380239599105
99.63806667062465
99.63810936356586
99.63815203874523
99.63819469617383
99.63823733586273
99.63827995782299
99.63832256206568
99.63833670058484
99.63838339631127
99.63843007157527
99.63971240416443
99.64088228036245
99.6420387858496
99.64220292278753
99.64223968503062
99.64163145872578
99.64217208426192
99.64221294779551
99.64225379472457
99.6422946250592
99.64233543880948
99.64237623598555
99.64241701659749
99.64245778065539
99.64249852816933
99.64250200261878
99.64250752168151
99.64254278122414
99.64367614450859
99.64479678044665
99.64581456865476
99.64595073926131
99.64598596687657
99.64549118568881
99.64581270979951
99.64585195378041
99.64589118216439
99.64593039496079
99.64596959217886
99.64600877382792
99.64604793991721
99.646087090456
99.64612622545357
99.64610518175833
99.64611524550364
99.64612530690789
99.64613536597196
99.64614542269662
99.6461554770827
99.64613697458338
99.64614702754216
99.64723540491774
99.64831182915387
99.64882940071696
99.64909721200644
99.64924947980013
99.64928322983559
99.64620544143801
99.646711467771
99.64674954317955
99.64678760383902
99.64682564975799
99.646863680945
99.64690169740864
99.64693969915743
99.64697768619992
99.64701565854463
99.64807295135004
99.64911891260195
99.64941570282228
99.6494488537017
99.64564446597595
99.64614352879528
99.64618107218037
99.64621860126697
99.64625611606321
99.64629361657728
99.64633110281731
99.64636857479147
99.64640603250787
99.64644347597469
99.64748614054449
99.64851781600247
99.64881058628609
99.64884329440628
99.64422734352723
99.64479040608254
99.64482757406117
99.6448647281213
99.64490186827078
99.64493899451737
99.64497610686891
99.6450132053332
99.64505028991802
99.64508736063115
99.64510301362066
99.64514796245815
99.64630496799064
99.64732490461344
99.6481907654553
99.64822292123041
99.64550936210766
99.64599065643263
99.64602686444397
99.6460630591661
99.64609924060632
99.64613540877193
99.64617156367024
99.64620770530857
99.64624383369419
99.64627994883439
99.64728582454374
99.64828147947632
99.64856409679733
99.64859567462656
99.64884790980331
99.64888307395326
99.64891822538492
99.64895336410522
99.64898849012104
99.64902360343929
99.64905870406683
99.64909379201053
99.6491288672773
99.6501058556564
99.65107305966193
99.65134762707336
99.65137828296918
99.65162315938848
99.65165732425028
99.65169147693248
99.65172561744163
99.6517597457842
99.65179386196671
99.65182796599565
99.65186205787752
99.65189613761882
99.65284546749687
99.65378542488908
99.6540522820633
99.65408205522425
99.65431988553419
99.65435309317799
99.65438628915088
99.65441947345899
99.65445264610847
99.65448580710547
99.65451895645614
99.65455209416659
99.65458522024296
99.65550805169889
99.6564218997394
99.65668136749586
99.65671029493743
99.65694137438672
99.65697366455288
99.6570059435288
99.65703821132033
99.65707046793327
99.65710271337342
99.65713494764658
99.65716717075857
99.65719938271519
99.65809681182007
99.65898562532158
99.65923800691714
99.6592661236214
99.65949073125137
99.6595221415095
99.65955354103205
99.65958492982453
99.65961630789243
99.65964767524125
99.65967903187648
99.6597103778036
99.65974171302811
99.66061477620039
99.66147957175572
99.6617251540704
99.6617524931236
99.6619708928636
99.66200145875887
99.6620320143489
99.66206255963885
99.66209309463399
99.66212361933948
99.66215413376055
99.66218463790236
99.66221513177014
99.66306480977991
99.66390654965203
99.6641456042799
99.66417219699895
99.6643846386742
99.6644143938619
99.66444413915193
99.66447387454926
99.6645036000588
99.6645333156855
99.66456302143428
99.66459271731006
99.66462240331775
99.66544962497284
99.66626922067698
99.6665020049311
99.66652788098013
99.66673460124004
99.66676357760949
99.66679254446765
99.66682150181921
99.66685044966887
99.66687938802127
99.6669083168811
99.66693723625303
99.66696614614175
99.66777179168447
99.6685701072906
99.66879686512966
99.66882205262739
99.6690232758015
99.66905150359048
99.66907972223467
99.66910793173854
99.66913613210652
99.66916432334303
99.66919250545251
99.66922067843942
99.66924884230815
99.67003374654927
99.67081160172991
99.67103256461355
