14.814814814814815
18.42105263157895
9.090909090909092
5.555555555555555
97.91044776119404
96.29629629629629
87.04663212435233
95.2991452991453
95.65916398713826
80.76062639821029
99.79029126213592
99.48186528497409
99.73009446693658
99.71098265895954
99.70193740685544
99.85096870342772
99.70193740685544
99.85096870342772
99.73082099596232
99.85096870342772
99.86064105116465
99.85096870342772
99.85096870342772
86.63101604278074
91.06529209621993
95.22727272727273
79.32692307692308
99.71785570334542
99.46524064171123
99.59677419354838
99.79838709677419
99.79838709677419
99.79838709677419
99.61089494163424
99.79838709677419
99.79838709677419
99.79838709677419
99.80045610034207
99.79838709677419
99.79838709677419
99.46524064171123
92.5
93.41317365269461
91.47727272727273
99.65669445806768
99.46524064171123
99.3103448275862
99.3485342019544
99.6742671009772
99.6742671009772
99.6742671009772
99.6742671009772
99.6742671009772
99.6742671009772
99.6742671009772
99.6742671009772
99.65517241379311
90.53254437869822
89.7119341563786
90.94827586206897
91.61849710982659
99.6134732192159
99.40828402366864
99.11111111111111
99.07407407407408
99.11894273127753
99.13793103448276
99.06103286384976
99.08675799086758
99.1304347826087
99.06542056074767
99.56331877729258
99.54038082731451
99.53051643192488
90.53254437869822
91.81818181818181
89.40677966101696
94.5945945945946
99.581589958159
99.40828402366864
99.11111111111111
99.06542056074767
99.13793103448276
99.53271028037383
99.17355371900827
99.53271028037383
99.30313588850174
99.65156794425087
99.65156794425087
99.65156794425087
99.65156794425087
99.65156794425087
99.65156794425087
99.65156794425087
99.4047619047619
99.4186046511628
99.70930232558139
99.70238095238095
99.4186046511628
99.70930232558139
99.70930232558139
99.70930232558139
99.55012853470437
99.58823529411765
99.70930232558139
99.70735785953177
99.66777408637874
99.65156794425087
99.65156794425087
99.40828402366864
91.62790697674419
89.5
76.24309392265194
99.5937318630296
99.40828402366864
99.53703703703704
99.53271028037383
99.53271028037383
99.18032786885246
99.53271028037383
99.53271028037383
99.55555555555556
99.53271028037383
99.29078014184397
99.64539007092199
99.64539007092199
99.64539007092199
99.64539007092199
99.64539007092199
99.64539007092199
99.64539007092199
99.64539007092199
99.64539007092199
99.59254947613505
99.53333333333333
99.53271028037383
90.53254437869822
91.58878504672897
99.5
94.00749063670412
99.54278249510124
99.40828402366864
99.06542056074767
99.53271028037383
99.18032786885246
99.11894273127753
99.12663755458516
99.53271028037383
99.11111111111111
99.11894273127753
99.28825622775801
99.644128113879
99.644128113879
99.644128113879
99.644128113879
99.644128113879
99.644128113879
99.644128113879
99.37888198757764
99.34640522875817
99.68944099378882
99.36507936507937
99.68253968253968
99.68253968253968
99.68253968253968
99.68253968253968
99.55442393380012
99.55214331413947
99.62345346960731
99.68652037617555
99.68253968253968
99.65294992563213
99.644128113879
86.76470588235294
91.13300492610837
89.23076923076923
91.66666666666667
99.49567723342939
99.26470588235294
98.9247311827957
98.89502762430939
99.46236559139786
99.4475138121547
99.46236559139786
98.96373056994818
99.46236559139786
99.4475138121547
99.46808510638297
99.45397815912636
99.4475138121547
91.15281501340482
95.64164648910412
89.0625
91.3961038961039
99.76635514018692
99.47916666666667
99.59349593495935
99.59349593495935
99.59349593495935
99.79674796747967
99.79674796747967
99.79674796747967
99.6316758747698
99.61089494163424
99.59016393442623
99.79508196721312
99.79508196721312
99.79508196721312
99.56803455723542
99.79508196721312
99.79508196721312
99.79508196721312
99.8050139275766
99.79674796747967
99.79556074766356
99.79508196721312
99.78969505783385
99.73190348525469
95.84
96.03960396039604
95.6989247311828
99.82429882215136
99.73190348525469
99.80544747081711
99.80544747081711
99.79674796747967
99.80544747081711
99.80544747081711
99.80544747081711
99.79674796747967
99.59266802443992
99.80544747081711
99.8005698005698
99.79633401221996
91.45077720207254
93.88646288209607
95.64459930313589
93.76854599406528
99.78146499392959
99.70326409495549
99.60396039603961
99.62049335863378
99.81024667931689
99.81024667931689
99.63702359346642
99.81024667931689
99.65217391304348
99.81024667931689
99.47780678851174
99.47780678851174
99.73890339425587
99.73890339425587
99.81737542394991
99.81024667931689
99.76068376068376
99.73890339425587
94.44444444444444
97.10610932475885
97.47048903878583
96.12244897959184
99.81522036682179
99.69135802469135
99.48320413436693
99.46236559139786
99.48186528497409
99.74160206718346
99.74160206718346
99.46524064171123
99.74160206718346
99.74160206718346
99.71305595408896
99.85652797704448
99.85652797704448
99.85652797704448
99.85652797704448
99.85652797704448
99.85652797704448
99.85652797704448
99.70149253731343
99.70149253731343
99.71056439942113
99.70149253731343
99.70014992503748
99.7159090909091
99.69924812030075
99.62825278810409
99.81412639405204
99.81412639405204
99.81412639405204
99.81412639405204
99.81412639405204
99.81412639405204
99.81412639405204
99.73851326111318
99.73909802459933
99.83564216952337
99.85652797704448
99.85410587744893
99.85416666666667
99.8363721365124
99.81412639405204
99.81412639405204
95.27186761229315
94.27792915531334
96.13601236476043
99.79123173277662
99.57716701902748
99.78858350951374
99.59183673469387
99.78858350951374
99.78858350951374
99.78858350951374
99.78858350951374
99.78858350951374
99.72260748959778
99.72602739726027
99.72527472527473
99.85561056105611
99.78966346153847
99.78858350951374
99.78858350951374
95.80645161290323
95.55555555555556
92.86926994906621
99.82847341337907
99.68652037617555
99.84326018808777
99.84326018808777
99.84326018808777
99.84326018808777
99.84326018808777
99.84326018808777
99.84326018808777
99.84326018808777
99.84326018808777
99.84326018808777
96.42857142857143
92.34608985024958
96.91969196919692
99.85888993414864
99.84326018808777
99.84326018808777
99.84326018808777
99.84326018808777
99.84326018808777
99.84326018808777
99.84326018808777
99.84326018808777
99.84326018808777
99.84326018808777
99.84326018808777
95.79967689822294
99.83361064891847
94.60370994940978
99.83452840595697
99.84326018808777
99.84326018808777
99.84326018808777
99.84326018808777
99.84326018808777
99.84326018808777
99.84326018808777
99.84326018808777
99.84326018808777
99.84326018808777
99.84326018808777
99.83844911147011
99.83361064891847
95.8984375
99.82678983833718
99.84326018808777
99.84326018808777
99.84326018808777
99.84326018808777
99.84326018808777
99.84326018808777
99.84326018808777
99.84326018808777
99.84326018808777
99.84326018808777
99.84326018808777
95.77922077922078
99.83361064891847
95.16129032258064
99.83669025585193
99.84326018808777
99.84326018808777
99.84326018808777
99.84326018808777
99.84326018808777
99.84326018808777
99.84326018808777
99.84326018808777
99.84326018808777
99.84326018808777
99.84326018808777
95.63492063492063
99.83361064891847
93.86973180076629
99.81561155500921
99.84326018808777
99.84326018808777
99.84326018808777
99.84326018808777
99.84326018808777
99.84326018808777
99.84326018808777
99.84326018808777
99.84326018808777
99.84326018808777
99.84326018808777
96.0
99.83361064891847
94.89194499017681
99.8076923076923
99.61904761904762
99.80952380952381
99.80952380952381
99.80952380952381
99.80952380952381
99.61315280464217
99.80952380952381
99.80952380952381
99.84326018808777
99.84326018808777
99.84326018808777
99.84326018808777
99.84326018808777
99.84326018808777
99.84326018808777
99.84326018808777
99.64973730297723
99.63503649635037
99.63702359346642
99.63963963963964
99.64028776978417
99.81751824817518
99.64349376114082
99.81751824817518
99.80952380952381
99.80869089915278
99.83490566037736
99.84326018808777
99.83548766157462
99.81981981981981
99.81751824817518
99.83361064891847
95.03311258278146
99.83402489626556
99.84326018808777
99.84326018808777
99.84326018808777
99.84326018808777
99.84326018808777
99.84326018808777
99.84326018808777
99.84326018808777
99.84326018808777
99.84326018808777
99.84326018808777
99.83361064891847
95.88235294117646
99.81998199819982
99.84326018808777
99.84326018808777
99.84326018808777
99.84326018808777
99.84326018808777
99.84326018808777
99.84326018808777
99.84326018808777
99.64664310954063
99.82332155477032
99.82332155477032
99.82332155477032
99.644128113879
99.82332155477032
99.64726631393297
99.82332155477032
99.84326018808777
99.84326018808777
99.82960077896787
99.82332155477032
99.822695035461
99.83361064891847
94.4055944055944
99.82949701619778
99.84326018808777
99.84326018808777
99.84326018808777
99.84326018808777
99.84326018808777
99.84326018808777
99.84326018808777
99.84326018808777
99.68798751950078
99.84347048300536
99.84326018808777
99.84326018808777
99.83361064891847
79.46127946127946
99.8326359832636
99.84326018808777
99.84326018808777
99.84326018808777
99.84326018808777
99.84326018808777
99.84326018808777
99.84326018808777
99.84326018808777
99.70282317979198
99.85141158989599
99.85141158989599
99.8502994011976
99.84326018808777
99.84326018808777
99.84326018808777
99.83361064891847
96.17486338797814
99.82608695652173
99.84326018808777
99.84326018808777
99.84326018808777
99.84326018808777
99.84326018808777
99.84326018808777
99.84326018808777
99.84326018808777
99.66101694915254
99.67105263157895
99.83050847457628
99.84326018808777
99.84326018808777
99.83575786015955
99.83050847457628
99.83361064891847
94.80122324159021
99.78448275862068
99.84326018808777
99.84326018808777
99.84326018808777
99.84326018808777
99.84326018808777
99.84326018808777
99.84326018808777
99.84326018808777
99.46524064171123
99.73262032085562
99.73262032085562
99.73262032085562
99.73262032085562
99.73262032085562
99.49622166246851
99.73262032085562
99.84326018808777
99.84326018808777
99.78070175438596
99.73262032085562
99.73262032085562
99.83361064891847
81.374321880651
99.8266897746967
99.84326018808777
99.84326018808777
99.84326018808777
99.84326018808777
99.84326018808777
99.84326018808777
99.84326018808777
99.84326018808777
99.84326018808777
99.84326018808777
99.84326018808777
99.83361064891847
76.67269439421338
99.8266897746967
99.84326018808777
99.84326018808777
99.84326018808777
99.84326018808777
99.84326018808777
99.84326018808777
99.84326018808777
99.84326018808777
99.84326018808777
99.84326018808777
99.84326018808777
99.83361064891847
74.96062992125984
99.83818770226537
99.84326018808777
99.84326018808777
99.84326018808777
99.84326018808777
99.84326018808777
99.84326018808777
99.84326018808777
99.84326018808777
99.71988795518207
99.85994397759103
99.85324947589099
99.84326018808777
99.84326018808777
99.83361064891847
82.64014466546112
99.8266897746967
99.84326018808777
99.84326018808777
99.84326018808777
99.84326018808777
99.84326018808777
99.84326018808777
99.84326018808777
99.84326018808777
99.84326018808777
99.84326018808777
99.84326018808777
99.83361064891847
99.83361064891847
99.84326018808777
99.84326018808777
99.84326018808777
99.84326018808777
99.84326018808777
99.84326018808777
99.84326018808777
99.84326018808777
99.84326018808777
99.84326018808777
99.84326018808777
99.83361064891847
99.83361064891847
99.84326018808777
99.84326018808777
99.84326018808777
99.84326018808777
99.84326018808777
99.84326018808777
99.84326018808777
99.84326018808777
99.84326018808777
99.84326018808777
99.84326018808777
99.83361064891847
99.83361064891847
99.84326018808777
99.84326018808777
99.84326018808777
99.84326018808777
99.84326018808777
99.84326018808777
99.84326018808777
99.84326018808777
99.84326018808777
99.84326018808777
99.84326018808777
99.83361064891847
99.83361064891847
99.84326018808777
99.84326018808777
99.84326018808777
99.84326018808777
99.84326018808777
99.84326018808777
99.84326018808777
99.84326018808777
99.84326018808777
99.84326018808777
99.84326018808777
99.83361064891847
99.83361064891847
99.84326018808777
99.84326018808777
99.84326018808777
99.84326018808777
99.84326018808777
99.84326018808777
99.84326018808777
99.84326018808777
99.84326018808777
99.84326018808777
99.84326018808777
99.83361064891847
99.83361064891847
99.84326018808777
99.84326018808777
99.84326018808777
99.84326018808777
99.84326018808777
99.84326018808777
99.84326018808777
99.84326018808777
99.84326018808777
99.84326018808777
99.84326018808777
99.83361064891847
99.83361064891847
99.84326018808777
99.84326018808777
99.84326018808777
99.84326018808777
99.84326018808777
99.84326018808777
99.84326018808777
99.84326018808777
99.84326018808777
99.84326018808777
99.84326018808777
99.83361064891847
99.83361064891847
99.84326018808777
99.84326018808777
99.84326018808777
99.84326018808777
99.84326018808777
99.84326018808777
99.84326018808777
99.84326018808777
99.84326018808777
99.84326018808777
99.84326018808777
99.83361064891847
99.83361064891847
99.84326018808777
99.84326018808777
99.84326018808777
99.84326018808777
99.84326018808777
99.84326018808777
99.84326018808777
99.84326018808777
99.84326018808777
99.84326018808777
99.84326018808777
